{"n_cities": 50, "seed": 123, "coords": [[69.64691855978616, 28.613933495037948], [22.68514535642031, 55.13147690828912], [71.94689697855631, 42.3106460124461], [98.07641983846155, 68.48297385848633], [48.09319014843609, 39.211751819415056], [34.31780161508694, 72.90497073840416], [43.85722446796244, 5.967789660956835], [39.804425533043144, 73.79954057320357], [18.24917304535, 17.545175614749255], [53.15513738418384, 53.18275870968661], [63.44009585513211, 84.94317940777896], [72.44553248606353, 61.102351067758285], [72.24433825702215, 32.29589138531782], [36.17886556223141, 22.82632308789556], [29.371404638882936, 63.09761238544878], [9.210493994507518, 43.37011726795282], [43.08627633296438, 49.36850976503062], [42.5830290295828, 31.226122297246526], [42.63513069628082, 89.33891631171348], [94.41600182038796, 50.18366758843366], [62.39529517921112, 11.561839507929573], [31.72854818203209, 41.48262119536318], [86.6309157883366, 25.04553653965067], [48.303426426270434, 98.5559785610705], [51.94851192598093, 61.28945257629677], [12.062866599032374, 82.63408005068332], [60.30601284109274, 54.50680064664649], [34.27638337743084, 30.41207890271841], [41.70222110247016, 68.13007657927966], [87.5456841795175, 51.04223374780111], [66.93137829622722, 58.59365525622129], [62.490350209559985, 67.46890509878249], [84.23424376202573, 8.319498833243877], [76.36828414433381, 24.3666374536874], [19.422296057877087, 57.24569574914731], [9.571251661238712, 88.53268262751396], [62.72489720512687, 72.34163581899547], [1.612920669501683, 59.44318794450425], [55.67851923942887, 15.895964414472274], [15.30705151247731, 69.55295287709109], [31.876642638187636, 69.19702955318196], [55.438324971777206, 38.89505741231446], [92.5132489613986, 84.16699969127163], [35.739756668317625, 4.359146379904056], [30.476807341109748, 39.8185681917981], [70.49588304513622, 99.53584820340174], [35.59148657174595, 76.25478137854338], [59.31769165622212, 69.1701798700177], [15.112745234808022, 39.887629272615655], [24.085589772362447, 34.34560140483249]], "distances": [[0.0, 53.93, 13.89, 48.97, 24.02, 56.66, 34.32, 54.15, 52.58, 29.59, 56.67, 32.61, 4.51, 33.96, 53.02, 62.21, 33.71, 27.19, 66.46, 32.84, 18.53, 40.04, 17.35, 73.13, 37.16, 78.96, 27.53, 35.42, 48.4, 28.69, 30.1, 39.51, 24.99, 7.95, 57.81, 84.85, 44.27, 74.69, 18.89, 68.04, 55.44, 17.54, 60.08, 41.69, 40.74, 70.93, 58.56, 41.85, 55.69, 45.92], [53.93, 0.0, 50.9, 76.56, 29.98, 21.24, 53.53, 25.33, 37.85, 30.53, 50.49, 50.12, 54.57, 35.01, 10.4, 17.89, 21.2, 31.1, 39.6, 71.9, 58.95, 16.37, 70.67, 50.42, 29.9, 29.48, 37.63, 27.3, 23.04, 64.99, 44.38, 41.67, 77.33, 61.87, 3.89, 35.88, 43.58, 21.51, 51.26, 16.2, 16.8, 36.56, 75.62, 52.42, 17.18, 65.25, 24.75, 39.23, 17.02, 20.83], [13.89, 50.9, 0.0, 36.98, 24.05, 48.5, 45.93, 45.0, 59.13, 21.71, 43.47, 18.8, 10.02, 40.73, 47.38, 62.75, 29.71, 31.39, 55.42, 23.81, 32.2, 40.23, 22.67, 61.01, 27.57, 72.19, 16.86, 39.5, 39.77, 17.88, 17.04, 26.88, 36.14, 18.48, 54.61, 77.64, 31.42, 72.39, 31.02, 62.85, 48.25, 16.86, 46.64, 52.45, 41.54, 57.24, 49.74, 29.68, 56.89, 48.52], [48.97, 76.56, 36.98, 0.0, 57.92, 63.91, 82.75, 58.51, 94.69, 47.46, 38.35, 26.67, 44.46, 76.91, 68.92, 92.35, 58.22, 66.84, 59.23, 18.66, 67.18, 71.63, 44.92, 58.15, 46.69, 87.17, 40.27, 74.3, 56.38, 20.37, 32.68, 35.6, 61.74, 49.17, 79.45, 90.75, 35.56, 96.89, 67.55, 82.78, 66.2, 51.9, 16.64, 89.43, 73.43, 41.53, 62.97, 38.76, 87.75, 81.49], [24.02, 29.98, 24.05, 57.92, 0.0, 36.4, 33.51, 35.57, 36.88, 14.86, 48.24, 32.74, 25.12, 20.26, 30.35, 39.1, 11.32, 9.7, 50.42, 47.6, 31.13, 16.52, 41.06, 59.34, 22.41, 56.42, 19.57, 16.38, 29.62, 41.19, 27.03, 31.71, 47.54, 31.94, 33.87, 62.58, 36.22, 50.69, 24.52, 44.67, 34.09, 7.35, 63.2, 36.98, 17.63, 64.35, 39.1, 31.99, 32.99, 24.5], [56.66, 21.24, 48.5, 63.91, 36.4, 0.0, 67.61, 5.56, 57.64, 27.27, 31.51, 39.91, 55.57, 50.11, 10.98, 38.76, 25.12, 42.49, 18.42, 64.25, 67.46, 31.53, 70.9, 29.22, 21.11, 24.29, 31.84, 42.49, 8.79, 57.54, 35.62, 28.69, 81.63, 64.22, 21.61, 29.27, 28.41, 35.37, 60.88, 19.3, 4.44, 40.03, 59.28, 68.56, 33.31, 44.92, 3.58, 25.28, 38.2, 39.89], [34.32, 53.53, 45.93, 82.75, 33.51, 67.61, 0.0, 67.95, 28.1, 48.12, 81.37, 62.11, 38.72, 18.52, 58.94, 50.98, 43.41, 25.29, 83.38, 67.17, 19.36, 37.53, 46.84, 92.69, 55.91, 83.0, 51.25, 26.25, 62.2, 62.77, 57.46, 64.26, 40.45, 37.36, 56.8, 89.4, 69.0, 68.15, 15.44, 69.7, 64.35, 34.9, 92.1, 8.28, 36.4, 97.29, 70.77, 65.07, 44.46, 34.59], [54.15, 25.33, 45.0, 58.51, 35.57, 5.56, 67.95, 0.0, 60.24, 24.56, 26.13, 35.02, 52.68, 51.1, 14.95, 43.15, 24.65, 42.66, 15.8, 59.5, 66.21, 33.31, 67.6, 26.17, 17.44, 29.11, 28.15, 43.74, 5.98, 52.89, 31.1, 23.55, 79.13, 61.49, 26.26, 33.63, 22.97, 40.8, 60.04, 24.86, 9.17, 38.25, 53.72, 69.56, 35.24, 40.05, 4.88, 20.05, 41.95, 42.47], [52.58, 37.85, 59.13, 94.69, 36.88, 57.64, 28.1, 60.24, 0.0, 49.88, 81.15, 69.53, 55.97, 18.69, 46.89, 27.36, 40.37, 27.92, 75.82, 82.87, 44.55, 27.47, 68.79, 86.41, 55.22, 65.38, 55.99, 20.55, 55.76, 76.97, 63.68, 66.71, 66.63, 58.52, 39.72, 71.52, 70.57, 45.08, 37.47, 52.09, 53.42, 42.88, 99.77, 21.9, 25.41, 97.22, 61.22, 65.97, 22.56, 17.79], [29.59, 30.53, 21.71, 47.46, 14.86, 27.27, 48.12, 24.56, 49.88, 0.0, 33.38, 20.85, 28.3, 34.78, 25.77, 45.03, 10.77, 24.37, 37.66, 41.37, 42.63, 24.41, 43.73, 45.63, 8.2, 50.56, 7.27, 29.58, 18.83, 34.46, 14.8, 17.07, 54.58, 37.0, 33.98, 56.12, 21.42, 51.92, 37.37, 41.24, 26.63, 14.47, 50.09, 51.84, 26.32, 49.49, 29.0, 17.13, 40.3, 34.64], [56.67, 50.49, 43.47, 38.35, 48.24, 31.51, 81.37, 26.13, 81.15, 33.38, 0.0, 25.48, 53.38, 67.84, 40.47, 68.33, 40.99, 57.62, 21.26, 46.56, 73.39, 53.8, 64.23, 20.36, 26.3, 51.43, 30.6, 61.84, 27.48, 41.6, 26.58, 17.5, 79.4, 61.94, 52.01, 53.99, 12.62, 66.88, 69.48, 50.53, 35.27, 46.74, 29.08, 85.21, 55.88, 16.21, 29.17, 16.3, 66.07, 64.1], [32.61, 50.12, 18.8, 26.67, 32.74, 39.91, 62.11, 35.02, 69.53, 20.85, 25.48, 0.0, 28.81, 52.73, 43.12, 65.67, 31.62, 42.24, 41.06, 24.53, 50.55, 45.2, 38.75, 44.56, 20.5, 64.11, 13.82, 48.98, 31.54, 18.14, 6.06, 11.82, 54.08, 36.94, 53.16, 68.6, 14.86, 70.85, 48.22, 57.76, 41.37, 27.97, 30.57, 67.58, 47.06, 38.48, 39.85, 15.41, 61.13, 55.27], [4.51, 54.57, 10.02, 44.46, 25.12, 55.57, 38.72, 52.68, 55.97, 28.3, 53.38, 28.81, 0.0, 37.29, 52.79, 64.0, 33.79, 29.68, 64.27, 28.49, 22.95, 41.54, 16.11, 70.45, 35.39, 78.46, 25.22, 38.01, 47.08, 24.2, 26.83, 36.5, 26.81, 8.94, 58.42, 84.21, 41.16, 75.67, 23.31, 68.04, 54.69, 18.06, 55.69, 45.97, 42.44, 67.26, 57.23, 39.07, 57.63, 48.2], [33.96, 35.01, 40.73, 76.91, 20.26, 50.11, 18.52, 51.1, 18.69, 34.78, 67.84, 52.73, 37.29, 0.0, 40.84, 33.9, 27.43, 10.56, 66.83, 64.34, 28.53, 19.18, 50.5, 76.69, 41.57, 64.49, 39.82, 7.82, 45.64, 58.61, 47.17, 51.82, 50.2, 40.22, 38.28, 70.89, 56.18, 50.35, 20.69, 51.18, 46.57, 25.08, 83.28, 18.47, 17.92, 84.04, 53.43, 51.8, 27.11, 16.7], [53.02, 10.4, 47.38, 68.92, 30.35, 10.98, 58.94, 14.95, 46.89, 25.77, 40.47, 43.12, 52.79, 40.84, 0.0, 28.21, 19.41, 34.5, 29.4, 66.31, 61.21, 21.74, 68.75, 40.2, 22.65, 26.1, 32.11, 33.05, 13.32, 59.41, 37.83, 33.41, 77.53, 60.9, 11.54, 32.23, 34.61, 28.0, 54.04, 15.48, 6.59, 35.57, 66.56, 59.08, 23.31, 54.95, 14.55, 30.56, 27.24, 29.23], [62.21, 17.89, 62.75, 92.35, 39.1, 38.76, 50.98, 43.15, 27.36, 45.03, 68.33, 65.67, 64.0, 33.9, 28.21, 0.0, 34.4, 35.51, 56.84, 85.48, 61.97, 22.6, 79.56, 67.63, 46.34, 39.37, 52.3, 28.22, 40.85, 78.71, 59.69, 58.48, 82.81, 69.79, 17.23, 45.16, 60.85, 17.78, 53.98, 26.88, 34.36, 46.44, 92.76, 47.18, 21.56, 83.13, 42.16, 56.36, 6.85, 17.4], [33.71, 21.2, 29.71, 58.22, 11.32, 25.12, 43.41, 24.65, 40.37, 10.77, 40.99, 31.62, 33.79, 27.43, 19.41, 34.4, 0.0, 18.15, 39.97, 51.34, 42.45, 13.83, 49.88, 49.46, 14.85, 45.49, 17.97, 20.9, 18.81, 44.49, 25.57, 26.54, 58.12, 41.63, 24.94, 51.55, 30.22, 42.68, 35.76, 34.34, 22.78, 16.19, 60.45, 45.6, 15.82, 57.17, 27.91, 25.6, 29.54, 24.22], [27.19, 31.1, 31.39, 66.84, 9.7, 42.49, 25.29, 42.66, 27.92, 24.37, 57.62, 42.24, 29.68, 10.56, 34.5, 35.51, 18.15, 0.0, 58.11, 55.19, 27.91, 14.93, 44.48, 67.57, 31.49, 59.79, 29.26, 8.35, 36.91, 49.14, 36.63, 41.35, 47.53, 34.47, 34.83, 66.13, 45.78, 49.75, 20.16, 47.04, 39.45, 14.97, 72.77, 27.72, 14.85, 73.79, 45.57, 41.47, 28.8, 18.76], [66.46, 39.6, 55.42, 59.23, 50.42, 18.42, 83.38, 15.8, 75.82, 37.66, 21.26, 41.06, 64.27, 66.83, 29.4, 56.84, 39.97, 58.11, 0.0, 64.92, 80.25, 49.08, 77.91, 10.82, 29.56, 31.3, 39.06, 59.52, 21.23, 59.02, 39.19, 29.54, 91.07, 73.21, 39.61, 33.07, 26.32, 50.76, 74.59, 33.74, 22.84, 52.04, 50.15, 85.26, 50.99, 29.67, 14.86, 26.17, 56.59, 58.04], [32.84, 71.9, 23.81, 18.66, 47.6, 64.25, 67.17, 59.5, 82.87, 41.37, 46.56, 24.53, 28.49, 64.34, 66.31, 85.48, 51.34, 55.19, 64.92, 0.0, 50.17, 63.29, 26.32, 66.83, 43.9, 88.52, 34.38, 63.31, 55.68, 6.92, 28.74, 36.3, 43.08, 31.5, 75.33, 93.11, 38.67, 93.26, 51.73, 81.45, 65.37, 40.58, 34.04, 74.45, 64.77, 54.84, 64.34, 39.9, 79.97, 72.09], [18.53, 58.95, 32.2, 67.18, 31.13, 67.46, 19.36, 66.21, 44.55, 42.63, 73.39, 50.55, 22.95, 28.53, 61.21, 61.97, 42.45, 27.91, 80.25, 50.17, 0.0, 42.85, 27.73, 88.13, 50.81, 87.09, 43.0, 33.85, 60.23, 46.81, 47.25, 55.91, 22.08, 18.95, 62.72, 93.35, 60.78, 77.38, 7.99, 74.7, 65.22, 28.2, 78.6, 27.61, 42.63, 88.35, 70.03, 57.69, 55.12, 44.57], [40.04, 16.37, 40.23, 71.63, 16.52, 31.53, 37.53, 33.31, 27.47, 24.41, 53.8, 45.2, 41.54, 19.18, 21.74, 22.6, 13.83, 14.93, 49.08, 63.29, 42.85, 0.0, 57.31, 59.43, 28.3, 45.61, 31.41, 11.36, 28.45, 56.63, 39.14, 40.27, 62.1, 47.81, 20.0, 52.01, 43.74, 35.06, 35.05, 32.52, 27.71, 23.85, 74.27, 37.34, 2.08, 69.81, 34.99, 39.09, 16.69, 10.46], [17.35, 70.67, 22.67, 44.92, 41.06, 70.9, 46.84, 67.6, 68.79, 43.73, 64.23, 38.75, 16.11, 50.5, 68.75, 79.56, 49.88, 44.48, 77.91, 26.32, 27.73, 57.31, 0.0, 82.9, 50.16, 94.22, 39.51, 52.63, 62.25, 26.01, 38.9, 48.81, 16.9, 10.29, 74.52, 99.84, 52.99, 91.71, 32.28, 84.07, 70.34, 34.13, 59.41, 54.93, 58.06, 76.22, 72.3, 51.89, 73.04, 63.23], [73.13, 50.42, 61.01, 58.15, 59.34, 29.22, 92.69, 26.17, 86.41, 45.63, 20.36, 44.56, 70.45, 76.69, 40.2, 67.63, 49.46, 67.57, 10.82, 66.83, 88.13, 59.43, 82.9, 0.0, 37.44, 39.58, 45.66, 69.57, 31.13, 61.62, 44.09, 34.17, 97.13, 79.32, 50.4, 40.01, 29.92, 60.91, 82.99, 43.93, 33.64, 60.09, 46.49, 95.03, 61.38, 22.21, 25.67, 31.38, 67.41, 68.63], [37.16, 29.9, 27.57, 46.69, 22.41, 21.11, 55.91, 17.44, 55.22, 8.2, 26.3, 20.5, 35.39, 41.57, 22.65, 46.34, 14.85, 31.49, 29.56, 43.9, 50.81, 28.3, 50.16, 37.44, 0.0, 45.24, 10.76, 35.58, 12.32, 37.04, 15.22, 12.22, 62.03, 44.27, 32.78, 50.38, 15.44, 50.37, 45.55, 37.56, 21.57, 22.66, 46.57, 59.19, 30.36, 42.51, 22.17, 10.79, 42.6, 38.76], [78.96, 29.48, 72.19, 87.17, 56.42, 24.29, 83.0, 29.11, 65.38, 50.56, 51.43, 64.11, 78.46, 64.49, 26.1, 39.37, 45.49, 59.79, 31.3, 88.52, 87.09, 45.61, 94.22, 39.58, 45.24, 0.0, 55.84, 56.75, 33.0, 81.83, 59.9, 52.66, 103.59, 86.78, 26.43, 6.4, 51.7, 25.44, 79.73, 13.48, 23.94, 61.6, 80.46, 81.78, 46.61, 60.83, 24.38, 49.14, 42.86, 49.76], [27.53, 37.63, 16.86, 40.27, 19.57, 31.84, 51.25, 28.15, 55.99, 7.27, 30.6, 13.82, 25.22, 39.82, 32.11, 52.3, 17.97, 29.26, 39.06, 34.38, 43.0, 31.41, 39.51, 45.66, 10.76, 55.84, 0.0, 35.47, 23.06, 27.46, 7.78, 13.14, 52.02, 34.15, 40.98, 61.09, 18.0, 58.9, 38.89, 47.45, 32.0, 16.35, 43.78, 55.84, 33.25, 46.17, 32.92, 14.7, 47.5, 41.45], [35.42, 27.3, 39.5, 74.3, 16.38, 42.49, 26.25, 43.74, 20.55, 29.58, 61.84, 48.98, 38.01, 7.82, 33.05, 28.22, 20.9, 8.35, 59.52, 63.31, 33.85, 11.36, 52.63, 69.57, 35.58, 56.75, 35.47, 0.0, 38.44, 57.12, 43.13, 46.58, 54.62, 42.52, 30.67, 63.15, 50.67, 43.7, 25.86, 43.5, 38.86, 22.8, 79.25, 26.09, 10.14, 78.04, 45.86, 46.14, 21.38, 10.92], [48.4, 23.04, 39.77, 56.38, 29.62, 8.79, 62.2, 5.98, 55.76, 18.83, 27.48, 31.54, 47.08, 45.64, 13.32, 40.85, 18.81, 36.91, 21.23, 55.68, 60.23, 28.45, 62.25, 31.13, 12.32, 33.0, 23.06, 38.44, 0.0, 48.92, 26.97, 20.8, 73.39, 55.83, 24.8, 38.06, 21.44, 41.02, 54.07, 26.43, 9.88, 32.3, 53.28, 64.05, 30.46, 42.61, 10.17, 17.65, 38.79, 38.1], [28.69, 64.99, 17.88, 20.37, 41.19, 57.54, 62.77, 52.89, 76.97, 34.46, 41.6, 18.14, 24.2, 58.61, 59.41, 78.71, 44.49, 49.14, 59.02, 6.92, 46.81, 56.63, 26.01, 61.62, 37.04, 81.83, 27.46, 57.12, 48.92, 0.0, 21.95, 29.96, 42.85, 28.92, 68.41, 86.52, 32.71, 86.34, 47.44, 74.57, 58.55, 34.33, 33.5, 69.74, 58.16, 51.4, 57.75, 33.55, 73.29, 65.62], [30.1, 44.38, 17.04, 32.68, 27.03, 35.62, 57.46, 31.1, 63.68, 14.8, 26.58, 6.06, 26.83, 47.17, 37.83, 59.69, 25.57, 36.63, 39.19, 28.74, 47.25, 39.14, 38.9, 44.09, 15.22, 59.9, 7.78, 43.13, 26.97, 21.95, 0.0, 9.92, 53.17, 35.5, 47.53, 64.7, 14.38, 65.32, 44.16, 52.77, 36.62, 22.81, 36.17, 62.56, 41.01, 41.1, 35.97, 13.03, 55.09, 49.23], [39.51, 41.67, 26.88, 35.6, 31.71, 28.69, 64.26, 23.55, 66.71, 17.07, 17.5, 11.82, 36.5, 51.82, 33.41, 58.48, 26.54, 41.35, 29.54, 36.3, 55.91, 40.27, 48.81, 34.17, 12.22, 52.66, 13.14, 46.58, 20.8, 29.96, 9.92, 0.0, 63.02, 45.28, 44.26, 56.96, 4.88, 61.4, 52.02, 47.23, 30.66, 29.43, 34.35, 68.55, 42.3, 33.05, 28.3, 3.6, 54.82, 50.72], [24.99, 77.33, 36.14, 61.74, 47.54, 81.63, 40.45, 79.13, 66.63, 54.58, 79.4, 54.08, 26.81, 50.2, 77.53, 82.81, 58.12, 47.53, 91.07, 43.08, 22.08, 62.1, 16.9, 97.13, 62.03, 103.59, 52.02, 54.62, 73.39, 42.85, 53.17, 63.02, 0.0, 17.87, 81.21, 109.58, 67.54, 97.16, 29.54, 92.2, 80.3, 42.0, 76.3, 48.66, 62.31, 92.25, 83.55, 65.75, 75.99, 65.54], [7.95, 61.87, 18.48, 49.17, 31.94, 64.22, 37.36, 61.49, 58.52, 37.0, 61.94, 36.94, 8.94, 40.22, 60.9, 69.79, 41.63, 34.47, 73.21, 31.5, 18.95, 47.81, 10.29, 79.32, 44.27, 86.78, 34.15, 42.52, 55.83, 28.92, 35.5, 45.28, 17.87, 0.0, 65.76, 92.62, 49.88, 82.58, 22.36, 75.96, 63.16, 25.48, 61.94, 45.29, 48.42, 75.4, 65.99, 47.94, 63.19, 53.23], [57.81, 3.89, 54.61, 79.45, 33.87, 21.61, 56.8, 26.26, 39.72, 33.98, 52.01, 53.16, 58.42, 38.28, 11.54, 17.23, 24.94, 34.83, 39.61, 75.33, 62.72, 20.0, 74.52, 50.4, 32.78, 26.43, 40.98, 30.67, 24.8, 68.41, 47.53, 44.26, 81.21, 65.76, 0.0, 32.8, 45.86, 17.94, 54.99, 12.98, 17.26, 40.42, 77.89, 55.35, 20.64, 66.31, 24.96, 41.64, 17.89, 23.37], [84.85, 35.88, 77.64, 90.75, 62.58, 29.27, 89.4, 33.63, 71.52, 56.12, 53.99, 68.6, 84.21, 70.89, 32.23, 45.16, 51.55, 66.13, 33.07, 93.11, 93.35, 52.01, 99.84, 40.01, 50.38, 6.4, 61.09, 63.15, 38.06, 86.52, 64.7, 56.96, 109.58, 92.62, 32.8, 0.0, 55.56, 30.16, 86.03, 19.83, 29.52, 67.58, 83.06, 88.15, 53.01, 61.91, 28.77, 53.38, 48.96, 56.1], [44.27, 43.58, 31.42, 35.56, 36.22, 28.41, 69.0, 22.97, 70.57, 21.42, 12.62, 14.86, 41.16, 56.18, 34.61, 60.85, 30.22, 45.78, 26.32, 38.67, 60.78, 43.74, 52.99, 29.92, 15.44, 51.7, 18.0, 50.67, 21.44, 32.71, 14.38, 4.88, 67.54, 49.88, 45.86, 55.56, 0.0, 62.46, 56.88, 47.5, 31.01, 34.23, 32.05, 73.14, 45.8, 28.28, 27.41, 4.65, 57.62, 54.19], [74.69, 21.51, 72.39, 96.89, 50.69, 35.37, 68.15, 40.8, 45.08, 51.92, 66.88, 70.85, 75.67, 50.35, 28.0, 17.78, 42.68, 49.75, 50.76, 93.26, 77.38, 35.06, 91.71, 60.91, 50.37, 25.44, 58.9, 43.7, 41.02, 86.34, 65.32, 61.4, 97.16, 82.58, 17.94, 30.16, 62.46, 0.0, 69.42, 17.02, 31.8, 57.61, 94.2, 64.8, 34.9, 79.7, 37.91, 58.52, 23.76, 33.69], [18.89, 51.26, 31.02, 67.55, 24.52, 60.88, 15.44, 60.04, 37.47, 37.37, 69.48, 48.22, 23.31, 20.69, 54.04, 53.98, 35.76, 20.16, 74.59, 51.73, 7.99, 35.05, 32.28, 82.99, 45.55, 79.73, 38.89, 25.86, 54.07, 47.44, 44.16, 52.02, 29.54, 22.36, 54.99, 86.03, 56.88, 69.42, 0.0, 67.15, 58.37, 23.0, 77.57, 23.04, 34.75, 84.94, 63.61, 53.4, 47.13, 36.59], [68.04, 16.2, 62.85, 82.78, 44.67, 19.3, 69.7, 24.86, 52.09, 41.24, 50.53, 57.76, 68.04, 51.18, 15.48, 26.88, 34.34, 47.04, 33.74, 81.45, 74.7, 32.52, 84.07, 43.93, 37.56, 13.48, 47.45, 43.5, 26.43, 74.57, 52.77, 47.23, 92.2, 75.96, 12.98, 19.83, 47.5, 17.02, 67.15, 0.0, 16.57, 50.5, 78.58, 68.32, 33.38, 62.81, 21.36, 44.01, 29.67, 36.29], [55.44, 16.8, 48.25, 66.2, 34.09, 4.44, 64.35, 9.17, 53.42, 26.63, 35.27, 41.37, 54.69, 46.57, 6.59, 34.36, 22.78, 39.45, 22.84, 65.37, 65.22, 27.71, 70.34, 33.64, 21.57, 23.94, 32.0, 38.86, 9.88, 58.55, 36.62, 30.66, 80.3, 63.16, 17.26, 29.52, 31.01, 31.8, 58.37, 16.57, 0.0, 38.38, 62.46, 64.95, 29.41, 49.11, 7.98, 27.44, 33.76, 35.71], [17.54, 36.56, 16.86, 51.9, 7.35, 40.03, 34.9, 38.25, 42.88, 14.47, 46.74, 27.97, 18.06, 25.08, 35.57, 46.44, 16.19, 14.97, 52.04, 40.58, 28.2, 23.85, 34.13, 60.09, 22.66, 61.6, 16.35, 22.8, 32.3, 34.33, 22.81, 29.43, 42.0, 25.48, 40.42, 67.58, 34.23, 57.61, 23.0, 50.5, 38.38, 0.0, 58.52, 39.76, 24.98, 62.48, 42.3, 30.52, 40.34, 31.68], [60.08, 75.62, 46.64, 16.64, 63.2, 59.28, 92.1, 53.72, 99.77, 50.09, 29.08, 30.57, 55.69, 83.28, 66.56, 92.76, 60.45, 72.77, 50.15, 34.04, 78.6, 74.27, 59.41, 46.49, 46.57, 80.46, 43.78, 79.25, 53.28, 33.5, 36.17, 34.35, 76.3, 61.94, 77.89, 83.06, 32.05, 94.2, 77.57, 78.58, 62.46, 58.52, 0.0, 97.94, 76.26, 26.85, 57.47, 36.43, 89.17, 84.64], [41.69, 52.42, 52.45, 89.43, 36.98, 68.56, 8.28, 69.56, 21.9, 51.84, 85.21, 67.58, 45.97, 18.47, 59.08, 47.18, 45.6, 27.72, 85.26, 74.45, 27.61, 37.34, 54.93, 95.03, 59.19, 81.78, 55.84, 26.09, 64.05, 69.74, 62.56, 68.55, 48.66, 45.29, 55.35, 88.15, 73.14, 64.8, 23.04, 68.32, 64.95, 39.76, 97.94, 0.0, 35.85, 101.32, 71.9, 68.97, 41.08, 32.17], [40.74, 17.18, 41.54, 73.43, 17.63, 33.31, 36.4, 35.24, 25.41, 26.32, 55.88, 47.06, 42.44, 17.92, 23.31, 21.56, 15.82, 14.85, 50.99, 64.77, 42.63, 2.08, 58.06, 61.38, 30.36, 46.61, 33.25, 10.14, 30.46, 58.16, 41.01, 42.3, 62.31, 48.42, 20.64, 53.01, 45.8, 34.9, 34.75, 33.38, 29.41, 24.98, 76.26, 35.85, 0.0, 71.89, 36.79, 41.15, 15.36, 8.41], [70.93, 65.25, 57.24, 41.53, 64.35, 44.92, 97.29, 40.05, 97.22, 49.49, 16.21, 38.48, 67.26, 84.04, 54.95, 83.13, 57.17, 73.79, 29.67, 54.84, 88.35, 69.81, 76.22, 22.21, 42.51, 60.83, 46.17, 78.04, 42.61, 51.4, 41.1, 33.05, 92.25, 75.4, 66.31, 61.91, 28.28, 79.7, 84.94, 62.81, 49.11, 62.48, 26.85, 101.32, 71.89, 0.0, 41.96, 32.36, 81.4, 80.02], [58.56, 24.75, 49.74, 62.97, 39.1, 3.58, 70.77, 4.88, 61.22, 29.0, 29.17, 39.85, 57.23, 53.43, 14.55, 42.16, 27.91, 45.57, 14.86, 64.34, 70.03, 34.99, 72.3, 25.67, 22.17, 24.38, 32.92, 45.86, 10.17, 57.75, 35.97, 28.3, 83.55, 65.99, 24.96, 28.77, 27.41, 37.91, 63.61, 21.36, 7.98, 42.3, 57.47, 71.9, 36.79, 41.96, 0.0, 24.76, 41.74, 43.46], [41.85, 39.23, 29.68, 38.76, 31.99, 25.28, 65.07, 20.05, 65.97, 17.13, 16.3, 15.41, 39.07, 51.8, 30.56, 56.36, 25.6, 41.47, 26.17, 39.9, 57.69, 39.09, 51.89, 31.38, 10.79, 49.14, 14.7, 46.14, 17.65, 33.55, 13.03, 3.6, 65.75, 47.94, 41.64, 53.38, 4.65, 58.52, 53.4, 44.01, 27.44, 30.52, 36.43, 68.97, 41.15, 32.36, 24.76, 0.0, 53.02, 49.54], [55.69, 17.02, 56.89, 87.75, 32.99, 38.2, 44.46, 41.95, 22.56, 40.3, 66.07, 61.13, 57.63, 27.11, 27.24, 6.85, 29.54, 28.8, 56.59, 79.97, 55.12, 16.69, 73.04, 67.41, 42.6, 42.86, 47.5, 21.38, 38.79, 73.29, 55.09, 54.82, 75.99, 63.19, 17.89, 48.96, 57.62, 23.76, 47.13, 29.67, 33.76, 40.34, 89.17, 41.08, 15.36, 81.4, 41.74, 53.02, 0.0, 10.55], [45.92, 20.83, 48.52, 81.49, 24.5, 39.89, 34.59, 42.47, 17.79, 34.64, 64.1, 55.27, 48.2, 16.7, 29.23, 17.4, 24.22, 18.76, 58.04, 72.09, 44.57, 10.46, 63.23, 68.63, 38.76, 49.76, 41.45, 10.92, 38.1, 65.62, 49.23, 50.72, 65.54, 53.23, 23.37, 56.1, 54.19, 33.69, 36.59, 36.29, 35.71, 31.68, 84.64, 32.17, 8.41, 80.02, 43.46, 49.54, 10.55, 0.0]]}