{"n_cities": 80, "seed": 456, "coords": [[24.87559093571018, 16.306678318635647], [78.36432556412277, 80.85233888414788], [62.56284278232959, 60.41136332754239], [88.57019031149136, 75.91174678329831], [18.110505614124406, 15.016931614283891], [43.567937114395825, 38.52725526500896], [57.57098698077493, 14.609069445663325], [68.6593018705155, 46.880400506122875], [56.99991476659645, 64.57010148048536], [72.33406440863502, 68.06707599795607], [18.09171394037925, 11.815848349646341], [24.273439553436816, 0.8183416121430698], [36.00684977113349, 14.604174530616609], [54.272305703134386, 85.71034377480242], [20.021216458487412, 13.463345870123334], [21.35935606486695, 97.31556538429635], [85.83297869224262, 53.37853219096339], [43.44585909891222, 18.719256650424366], [28.827597995581733, 62.71673310895937], [35.570587151583354, 72.94554143716817], [55.69882332680919, 94.23899531226483], [15.354563302164525, 89.62255928860061], [17.803467095724322, 59.42625178776859], [4.262962777106849, 65.33905473897383], [36.67195504258793, 79.55697723224631], [1.0907046727330783, 48.02770389318432], [9.681013063787914, 12.807294440036731], [81.92242079392031, 60.3385784259556], [96.58762082517207, 69.32007772209192], [97.54580945429197, 51.72967382144137], [52.487465588629, 11.794287378154333], [33.18013886465613, 27.24164335953564], [86.98608377043516, 8.689839687079848], [47.85215592800657, 83.77898351745696], [50.97879964582101, 4.83459820917963], [61.32571666254481, 40.832122480667046], [71.2622939283032, 8.858355638882099], [38.18441536191586, 2.389482613544247], [38.53047099483248, 14.210886403997879], [22.25725399720441, 79.38129264940265], [71.80839738379234, 48.370248091061654], [98.02304834339034, 76.13146677270986], [9.081082270942053, 53.72969396051979], [67.79340356425098, 74.01805976261569], [62.755658516776, 88.32838023788622], [79.9860475035343, 55.39427886087731], [87.05216043587282, 40.92046819728046], [6.7217085386541475, 14.114857011550864], [99.7486261159769, 19.689526501123655], [88.78846240944, 64.78467554049107], [2.770939779749837, 63.71465335296547], [87.6907942711342, 16.563905576389782], [23.385566353262288, 26.11255144717475], [32.26827548432427, 75.452097035906], [8.452374221941394, 99.08107762162643], [14.896651001342331, 87.5353962148444], [3.9268590594816466, 11.253882130148728], [29.084537983917336, 90.2993001836126], [92.03231060767371, 2.0254782965035356], [76.19480690298754, 31.637426110081503], [41.92028303613489, 56.78160990456398], [69.86276702569918, 3.139636497560838], [0.7759622340355432, 74.71106811226758], [96.78785609421354, 29.009941448079267], [94.21326930059516, 59.11282473862194], [13.539991182696031, 8.816218995638348], [62.94863094338877, 50.463553555705445], [52.230946825479485, 62.84375513591209], [22.54134060483154, 26.188823177529663], [56.247388227799036, 39.14950225764976], [70.80075715980963, 21.354274100323124], [28.545202675969485, 84.76786624992057], [46.157858761444636, 7.439064134197626], [86.00214078203517, 42.02944032207011], [52.49212660689055, 65.17022327613992], [37.1040855949764, 98.61277958908227], [27.732363524993463, 68.13782099808738], [54.521059132747, 52.71150399161731], [0.7724887406071357, 75.75674644583668], [20.161453131462693, 74.03702502687028]], "distances": [[0.0, 83.83, 58.01, 87.23, 6.89, 29.04, 32.74, 53.4, 57.98, 70.22, 8.14, 15.5, 11.26, 75.37, 5.63, 81.09, 71.35, 18.73, 46.58, 57.64, 83.81, 73.93, 43.7, 53.19, 64.34, 39.65, 15.59, 72.06, 89.18, 80.84, 27.98, 13.73, 62.58, 71.28, 28.51, 43.93, 46.98, 19.26, 13.81, 63.13, 56.84, 94.5, 40.62, 71.92, 81.38, 67.56, 66.87, 18.29, 74.95, 80.22, 52.31, 62.82, 9.92, 59.61, 84.39, 71.92, 21.55, 74.11, 68.66, 53.56, 43.92, 46.87, 63.18, 73.03, 81.49, 13.59, 51.15, 53.98, 10.15, 38.81, 46.2, 68.56, 23.06, 66.32, 56.13, 83.21, 51.91, 46.95, 64.15, 57.92], [83.83, 0.0, 25.84, 11.34, 89.25, 54.79, 69.43, 35.33, 26.86, 14.14, 91.65, 96.6, 78.63, 24.58, 89.14, 59.33, 28.47, 71.27, 52.75, 43.52, 26.32, 63.62, 64.24, 75.71, 41.71, 83.96, 96.68, 20.82, 21.57, 34.87, 73.75, 70.11, 72.68, 30.65, 80.8, 43.5, 72.34, 88.15, 77.64, 56.13, 33.14, 20.22, 74.4, 12.59, 17.31, 25.51, 40.87, 97.91, 64.79, 19.15, 77.51, 64.96, 77.58, 46.41, 72.25, 63.82, 101.91, 50.18, 80.0, 49.26, 43.68, 78.18, 77.83, 55.02, 26.9, 96.91, 34.08, 31.74, 78.13, 47.2, 59.98, 49.97, 80.17, 39.57, 30.25, 44.92, 52.2, 36.88, 77.76, 58.6], [58.01, 25.84, 0.0, 30.28, 63.53, 28.98, 46.07, 14.84, 6.95, 12.41, 65.87, 70.83, 52.95, 26.62, 63.36, 55.31, 24.31, 45.87, 33.81, 29.76, 34.52, 55.52, 44.77, 58.51, 32.2, 62.71, 71.15, 19.36, 35.17, 36.04, 49.65, 44.31, 57.2, 27.61, 56.77, 19.62, 52.28, 62.94, 52.08, 44.55, 15.18, 38.79, 53.9, 14.58, 27.92, 18.13, 31.3, 72.54, 55.15, 26.59, 59.88, 50.54, 52.07, 33.82, 66.51, 54.84, 76.52, 44.88, 65.4, 31.84, 20.96, 57.74, 63.42, 46.45, 31.68, 71.17, 9.96, 10.61, 52.66, 22.18, 39.92, 41.84, 55.45, 29.79, 11.14, 45.91, 35.68, 11.13, 63.67, 44.54], [87.23, 11.34, 30.28, 0.0, 93.13, 58.5, 68.69, 35.2, 33.55, 18.03, 95.27, 98.86, 80.76, 35.67, 92.73, 70.54, 22.7, 72.85, 61.18, 53.08, 37.64, 74.49, 72.66, 84.97, 52.03, 91.82, 101.02, 16.93, 10.38, 25.79, 73.57, 73.73, 67.24, 41.47, 80.41, 44.42, 69.25, 89.13, 79.44, 66.4, 32.24, 9.46, 82.53, 20.86, 28.65, 22.24, 35.02, 102.56, 57.32, 11.13, 86.66, 59.35, 82.03, 56.3, 83.4, 74.58, 106.51, 61.2, 73.97, 45.97, 50.42, 75.14, 87.8, 47.62, 17.72, 100.65, 36.11, 38.62, 82.66, 48.95, 57.38, 60.67, 80.54, 33.98, 37.64, 56.25, 61.33, 41.2, 87.8, 68.43], [6.89, 89.25, 63.53, 93.13, 0.0, 34.65, 39.46, 59.75, 62.99, 75.86, 3.2, 15.48, 17.9, 79.41, 2.46, 82.36, 77.83, 25.6, 48.89, 60.5, 87.69, 74.66, 44.41, 52.19, 67.16, 37.14, 8.71, 78.27, 95.43, 87.51, 34.53, 19.4, 69.17, 74.92, 34.41, 50.34, 53.51, 23.72, 20.44, 64.5, 63.21, 100.6, 39.75, 77.13, 85.84, 73.88, 73.65, 11.42, 81.77, 86.44, 51.06, 69.6, 12.29, 62.07, 84.62, 72.59, 14.67, 76.08, 75.05, 60.42, 48.07, 53.1, 62.16, 79.91, 87.95, 7.7, 57.16, 58.75, 12.02, 45.13, 53.07, 70.53, 29.05, 73.07, 60.81, 85.73, 53.99, 52.41, 63.17, 59.06], [29.04, 54.79, 28.98, 58.5, 34.65, 0.0, 27.72, 26.45, 29.3, 41.23, 36.91, 42.36, 25.09, 48.38, 34.39, 62.84, 44.8, 19.81, 28.33, 35.34, 57.02, 58.37, 33.17, 47.58, 41.61, 43.53, 42.54, 44.12, 61.31, 55.57, 28.18, 15.34, 52.68, 45.45, 34.5, 17.91, 40.59, 36.54, 24.83, 46.08, 29.91, 66.18, 37.69, 42.97, 53.37, 40.13, 43.55, 44.2, 59.25, 52.29, 47.95, 49.29, 23.69, 38.62, 70.0, 56.78, 48.12, 53.76, 60.67, 33.35, 18.33, 44.09, 56.04, 54.06, 54.67, 42.24, 22.76, 25.81, 24.38, 12.69, 32.2, 48.62, 31.2, 42.58, 28.1, 60.43, 33.58, 17.92, 56.72, 42.53], [32.74, 69.43, 46.07, 68.69, 39.46, 27.72, 0.0, 34.12, 49.96, 55.46, 39.58, 36.04, 21.56, 71.18, 37.57, 90.29, 47.98, 14.71, 56.04, 62.35, 79.65, 86.08, 59.92, 73.59, 68.23, 65.63, 47.92, 51.81, 67.2, 54.55, 5.81, 27.47, 30.0, 69.85, 11.79, 26.49, 14.85, 22.92, 19.04, 73.77, 36.64, 73.63, 62.3, 60.28, 73.9, 46.54, 39.51, 50.85, 42.48, 59.09, 73.58, 30.18, 36.07, 65.89, 97.71, 84.49, 53.75, 80.87, 36.69, 25.24, 44.98, 16.81, 82.69, 41.78, 57.65, 44.41, 36.26, 48.53, 36.89, 24.58, 14.85, 75.93, 13.48, 39.5, 50.82, 86.46, 61.28, 38.22, 83.46, 70.22], [53.4, 35.33, 14.84, 35.2, 59.75, 26.45, 34.12, 0.0, 21.19, 21.5, 61.54, 63.97, 45.91, 41.41, 59.01, 69.14, 18.36, 37.8, 42.86, 42.12, 49.1, 68.32, 52.38, 66.99, 45.73, 67.58, 68.11, 18.9, 35.83, 29.29, 38.63, 40.55, 42.36, 42.36, 45.61, 9.51, 38.11, 53.93, 44.44, 56.65, 3.48, 41.45, 59.97, 27.15, 41.87, 14.17, 19.33, 70.07, 41.3, 26.94, 68.0, 35.8, 49.81, 46.27, 79.69, 67.4, 73.89, 58.75, 50.58, 17.0, 28.51, 43.76, 73.37, 33.33, 28.33, 66.99, 6.74, 22.91, 50.55, 14.62, 25.62, 55.18, 45.41, 18.01, 24.41, 60.6, 46.12, 15.29, 73.77, 55.58], [57.98, 26.86, 6.95, 33.55, 62.99, 29.3, 49.96, 21.19, 0.0, 15.73, 65.55, 71.66, 54.2, 21.32, 63.08, 48.4, 30.93, 47.81, 28.23, 23.01, 29.7, 48.6, 39.53, 52.74, 25.26, 58.31, 70.13, 25.28, 39.87, 42.53, 52.97, 44.28, 63.42, 21.28, 60.04, 24.13, 57.51, 64.97, 53.64, 37.77, 21.95, 42.62, 49.13, 14.34, 24.45, 24.75, 38.24, 71.23, 61.98, 31.79, 54.24, 56.98, 51.08, 27.02, 59.56, 47.96, 75.23, 37.96, 71.69, 38.12, 16.97, 62.76, 57.13, 53.36, 37.61, 70.69, 15.31, 5.07, 51.58, 25.43, 45.37, 34.89, 58.15, 36.73, 4.55, 39.43, 29.48, 12.11, 57.33, 38.04], [70.22, 14.14, 12.41, 18.03, 75.86, 41.23, 55.46, 21.5, 15.73, 0.0, 78.14, 82.66, 64.64, 25.25, 75.62, 58.77, 19.95, 57.18, 43.83, 37.09, 31.01, 60.92, 55.21, 68.13, 37.47, 74.01, 83.54, 12.32, 24.29, 30.04, 59.67, 56.57, 61.16, 29.09, 66.74, 29.38, 59.22, 74.03, 63.59, 51.34, 19.7, 26.93, 64.86, 7.49, 22.41, 14.8, 30.88, 84.95, 55.61, 16.78, 69.7, 53.74, 64.47, 40.74, 71.01, 60.65, 88.92, 48.63, 68.92, 36.63, 32.44, 64.97, 71.87, 46.08, 23.64, 83.47, 19.95, 20.77, 65.06, 33.09, 46.74, 46.87, 66.04, 29.41, 20.05, 46.63, 44.6, 23.52, 71.97, 52.51], [8.14, 91.65, 65.87, 95.27, 3.2, 36.91, 39.58, 61.54, 65.55, 78.14, 0.0, 12.62, 18.13, 82.28, 2.54, 85.56, 79.48, 26.28, 52.02, 63.58, 90.6, 77.85, 47.61, 55.28, 70.24, 40.0, 8.47, 80.18, 97.31, 88.92, 34.4, 21.58, 68.97, 77.87, 33.62, 52.07, 53.25, 22.19, 20.58, 67.69, 64.97, 102.59, 42.87, 79.62, 88.59, 75.7, 74.85, 11.6, 82.04, 88.34, 54.11, 69.76, 15.25, 65.2, 87.8, 75.79, 14.18, 79.25, 74.59, 61.39, 50.89, 52.49, 65.24, 80.55, 89.62, 5.45, 59.21, 61.39, 15.05, 46.94, 53.57, 73.7, 28.41, 74.33, 63.48, 88.85, 57.14, 54.77, 66.24, 62.26], [15.5, 96.6, 70.83, 98.86, 15.48, 42.36, 36.04, 63.97, 71.66, 82.66, 12.62, 0.0, 18.1, 90.04, 13.34, 96.54, 80.95, 26.23, 62.07, 73.01, 98.56, 89.25, 58.96, 67.55, 79.71, 52.59, 18.89, 82.86, 99.61, 89.22, 30.27, 27.88, 63.2, 86.25, 27.01, 54.53, 47.67, 14.0, 19.56, 78.59, 67.24, 105.41, 55.05, 85.16, 95.6, 77.99, 74.49, 22.02, 77.8, 90.85, 66.47, 65.34, 25.31, 75.06, 99.53, 87.22, 22.87, 89.61, 67.77, 60.38, 58.68, 45.65, 77.54, 77.8, 91.05, 13.39, 62.93, 68.04, 25.43, 49.92, 50.86, 84.06, 22.86, 74.22, 70.27, 98.63, 67.41, 60.07, 78.54, 73.33], [11.26, 78.63, 52.95, 80.76, 17.9, 25.09, 21.56, 45.91, 54.2, 64.64, 18.13, 18.1, 0.0, 73.41, 16.03, 84.0, 63.14, 8.5, 48.65, 58.34, 82.03, 77.81, 48.38, 59.85, 64.96, 48.33, 26.39, 64.81, 81.63, 71.87, 16.72, 12.95, 51.32, 70.18, 17.88, 36.45, 35.72, 12.41, 2.55, 66.22, 49.21, 87.36, 47.5, 67.38, 78.43, 59.98, 57.43, 29.29, 63.94, 72.83, 59.3, 51.72, 17.08, 60.96, 88.86, 75.92, 32.25, 76.01, 57.42, 43.65, 42.59, 35.74, 69.67, 62.46, 73.27, 23.2, 44.85, 50.89, 17.76, 31.81, 35.44, 70.56, 12.43, 57.02, 53.19, 84.02, 54.17, 42.37, 70.58, 61.51], [75.37, 24.58, 26.62, 35.67, 79.41, 48.38, 71.18, 41.41, 21.32, 25.25, 82.28, 90.04, 73.41, 0.0, 79.95, 34.9, 45.18, 67.86, 34.29, 22.64, 8.65, 39.11, 44.95, 54.0, 18.65, 65.18, 85.46, 37.53, 45.38, 55.02, 73.94, 62.16, 83.68, 6.7, 80.94, 45.43, 78.71, 84.86, 73.21, 32.63, 41.25, 44.79, 55.36, 17.88, 8.88, 39.75, 55.5, 85.95, 80.17, 40.36, 56.0, 76.8, 67.13, 24.28, 47.73, 39.42, 89.88, 25.6, 91.81, 58.35, 31.46, 84.03, 54.62, 70.87, 47.99, 87.02, 36.3, 22.96, 67.45, 46.6, 66.44, 25.74, 78.69, 53.99, 20.62, 21.48, 31.83, 33.0, 54.42, 36.05], [5.63, 89.14, 63.36, 92.73, 2.46, 34.39, 37.57, 59.01, 63.08, 75.62, 2.54, 13.34, 16.03, 79.95, 0.0, 83.86, 76.97, 24.01, 50.03, 61.48, 88.3, 76.3, 46.02, 54.22, 68.16, 39.41, 10.36, 77.65, 94.78, 86.45, 32.51, 19.05, 67.13, 75.62, 32.14, 49.55, 51.45, 21.27, 18.52, 65.96, 62.45, 100.06, 41.73, 77.13, 86.2, 73.17, 72.44, 13.32, 79.97, 85.81, 53.13, 67.74, 13.09, 63.19, 86.4, 74.25, 16.25, 77.37, 72.91, 59.04, 48.54, 50.9, 64.2, 78.33, 87.11, 7.98, 56.67, 58.96, 12.97, 44.41, 51.39, 71.81, 26.82, 71.9, 61.06, 86.85, 55.22, 52.26, 65.2, 60.57], [81.09, 59.33, 55.31, 70.54, 82.36, 62.84, 90.29, 69.14, 48.4, 58.77, 85.56, 96.54, 84.0, 34.9, 83.86, 0.0, 78.02, 81.64, 35.4, 28.21, 34.48, 9.76, 38.06, 36.26, 23.45, 53.29, 85.31, 70.96, 80.27, 88.78, 91.01, 71.06, 110.28, 29.75, 97.11, 69.19, 101.56, 96.41, 84.86, 17.96, 70.29, 79.54, 45.28, 51.95, 42.36, 72.07, 86.58, 84.48, 110.32, 74.87, 38.4, 104.5, 71.23, 24.43, 13.03, 11.72, 87.81, 10.44, 118.64, 85.56, 45.45, 105.93, 30.57, 101.76, 82.26, 88.84, 62.65, 46.27, 71.14, 67.83, 90.63, 14.46, 93.23, 85.06, 44.75, 15.8, 29.87, 55.58, 29.81, 23.31], [71.35, 28.47, 24.31, 22.7, 77.83, 44.8, 47.98, 18.36, 30.93, 19.95, 79.48, 80.95, 63.14, 45.18, 76.97, 78.02, 0.0, 54.75, 57.77, 53.94, 50.77, 79.25, 68.3, 82.44, 55.7, 84.91, 86.29, 7.98, 19.23, 11.83, 53.3, 58.78, 44.7, 48.65, 59.76, 27.53, 46.84, 69.79, 61.41, 68.69, 14.89, 25.81, 76.75, 27.41, 41.88, 6.18, 12.52, 88.32, 36.45, 11.78, 83.7, 36.86, 68.14, 57.93, 89.87, 78.73, 92.1, 67.7, 51.73, 23.78, 44.04, 52.72, 87.69, 26.72, 10.15, 84.92, 23.07, 34.91, 68.88, 32.83, 35.38, 65.32, 60.7, 11.35, 35.36, 66.49, 59.95, 31.32, 87.95, 68.84], [18.73, 71.27, 45.87, 72.85, 25.6, 19.81, 14.71, 37.8, 47.81, 57.18, 26.28, 26.23, 8.5, 67.86, 24.01, 81.64, 54.75, 0.0, 46.36, 54.8, 76.51, 76.27, 48.11, 60.9, 61.21, 51.51, 34.28, 56.68, 73.38, 63.38, 11.39, 13.34, 44.68, 65.21, 15.8, 28.44, 29.51, 17.16, 6.67, 64.26, 41.03, 79.21, 49.06, 60.42, 72.24, 51.77, 48.93, 37.01, 56.31, 64.64, 60.66, 44.3, 21.38, 57.82, 87.65, 74.5, 40.22, 73.01, 51.37, 35.2, 38.09, 30.67, 70.4, 54.33, 64.88, 31.5, 37.26, 44.99, 22.2, 24.11, 27.48, 67.71, 11.6, 48.52, 47.32, 80.14, 51.86, 35.75, 71.23, 60.02], [46.58, 52.75, 33.81, 61.18, 48.89, 28.33, 56.04, 42.86, 28.23, 43.83, 52.02, 62.07, 48.65, 34.29, 50.03, 35.4, 57.77, 46.36, 0.0, 12.25, 41.42, 30.09, 11.5, 24.7, 18.58, 31.39, 53.46, 53.15, 68.08, 69.59, 56.15, 35.74, 79.38, 28.38, 61.98, 39.18, 68.57, 61.05, 49.47, 17.91, 45.31, 70.48, 21.7, 40.57, 42.51, 51.68, 62.17, 53.39, 82.95, 60.0, 26.08, 74.8, 37.01, 13.19, 41.68, 28.46, 57.17, 27.58, 87.63, 56.65, 14.38, 72.34, 30.51, 75.86, 65.48, 56.03, 36.25, 23.4, 37.06, 36.16, 58.93, 22.05, 57.93, 60.8, 23.79, 36.84, 5.53, 27.57, 30.94, 14.26], [57.64, 43.52, 29.76, 53.08, 60.5, 35.34, 62.35, 42.12, 23.01, 37.09, 63.58, 73.01, 58.34, 22.64, 61.48, 28.21, 53.94, 54.8, 12.25, 0.0, 29.3, 26.21, 22.33, 32.22, 6.7, 42.54, 65.47, 48.04, 61.12, 65.51, 63.45, 45.77, 82.29, 16.38, 69.83, 41.17, 73.36, 70.6, 58.81, 14.79, 43.78, 62.53, 32.73, 32.24, 31.24, 47.76, 60.63, 65.52, 83.4, 53.84, 34.07, 76.78, 48.39, 4.15, 37.66, 25.3, 69.33, 18.53, 90.65, 57.94, 17.37, 77.77, 34.84, 75.35, 60.25, 67.81, 35.43, 19.48, 48.54, 39.62, 62.47, 13.75, 66.36, 59.15, 18.62, 25.71, 9.2, 27.72, 34.91, 15.45], [83.81, 26.32, 34.52, 37.64, 87.69, 57.02, 79.65, 49.1, 29.7, 31.01, 90.6, 98.56, 82.03, 8.65, 88.3, 34.48, 50.77, 76.51, 41.42, 29.3, 0.0, 40.61, 51.46, 59.0, 24.03, 71.54, 93.53, 42.86, 47.88, 59.65, 82.51, 70.68, 91.09, 13.08, 89.53, 53.7, 86.79, 93.5, 81.85, 36.59, 48.62, 46.04, 61.76, 23.56, 9.21, 45.81, 61.85, 93.91, 86.59, 44.3, 61.1, 84.01, 75.4, 30.03, 47.49, 41.35, 97.81, 26.9, 99.11, 65.87, 39.91, 92.19, 58.29, 77.09, 52.13, 95.26, 44.37, 31.59, 75.7, 55.09, 74.43, 28.76, 87.32, 60.37, 29.25, 19.1, 38.25, 41.54, 57.95, 40.88], [73.93, 63.62, 55.52, 74.49, 74.66, 58.37, 86.08, 68.32, 48.6, 60.92, 77.85, 89.25, 77.81, 39.11, 76.3, 9.76, 79.25, 76.27, 30.09, 26.21, 40.61, 0.0, 30.3, 26.7, 23.57, 43.97, 77.02, 72.72, 83.73, 90.51, 86.23, 64.88, 108.08, 33.02, 91.97, 67.04, 98.23, 90.17, 78.89, 12.35, 69.92, 83.76, 36.44, 54.71, 47.42, 73.14, 86.67, 76.0, 109.6, 77.52, 28.8, 102.81, 64.02, 22.07, 11.71, 2.14, 79.2, 13.75, 116.42, 84.05, 42.24, 102.23, 20.85, 101.51, 84.55, 80.83, 61.63, 45.57, 63.84, 64.96, 87.95, 14.06, 87.77, 85.18, 44.46, 23.53, 24.8, 53.82, 20.12, 16.31], [43.7, 64.24, 44.77, 72.66, 44.41, 33.17, 59.92, 52.38, 39.53, 55.21, 47.61, 58.96, 48.38, 44.95, 46.02, 38.06, 68.3, 48.11, 11.5, 22.33, 51.46, 30.3, 0.0, 14.78, 27.59, 20.23, 47.32, 64.13, 79.4, 80.11, 58.92, 35.67, 85.79, 38.68, 63.88, 47.33, 73.59, 60.57, 49.74, 20.45, 55.13, 81.94, 10.42, 52.08, 53.44, 62.31, 71.68, 46.65, 91.07, 71.19, 15.63, 81.98, 33.78, 21.59, 40.74, 28.26, 50.13, 32.87, 93.83, 64.67, 24.26, 76.67, 22.88, 84.64, 76.41, 50.79, 46.03, 34.6, 33.57, 43.46, 65.25, 27.52, 59.22, 70.38, 35.16, 43.68, 13.21, 37.33, 23.6, 14.8], [53.19, 75.71, 58.51, 84.97, 52.19, 47.58, 73.59, 66.99, 52.74, 68.13, 55.28, 67.55, 59.85, 54.0, 54.22, 36.26, 82.44, 60.9, 24.7, 32.22, 59.0, 26.7, 14.78, 0.0, 35.39, 17.6, 52.81, 77.82, 92.41, 94.27, 72.06, 47.83, 100.26, 47.33, 76.44, 62.1, 87.63, 71.51, 61.55, 22.82, 69.64, 94.38, 12.57, 64.12, 62.85, 76.37, 86.32, 51.28, 105.84, 84.53, 2.21, 96.64, 43.64, 29.78, 34.0, 24.61, 54.09, 35.2, 108.22, 79.44, 38.62, 90.4, 10.0, 99.4, 90.17, 57.28, 60.54, 48.03, 43.21, 58.21, 79.76, 31.1, 71.47, 85.0, 48.23, 46.75, 23.64, 51.82, 10.99, 18.12], [64.34, 41.71, 32.2, 52.03, 67.16, 41.61, 68.23, 45.73, 25.26, 37.47, 70.24, 79.71, 64.96, 18.65, 68.16, 23.45, 55.7, 61.21, 18.58, 6.7, 24.03, 23.57, 27.59, 35.39, 0.0, 47.54, 72.0, 49.16, 60.78, 66.93, 69.58, 52.43, 86.91, 11.95, 76.08, 45.91, 78.71, 77.18, 65.37, 14.42, 46.98, 61.45, 37.79, 31.61, 27.52, 49.6, 63.49, 71.97, 86.96, 54.17, 37.42, 81.06, 55.07, 6.02, 34.32, 23.19, 75.75, 13.15, 95.27, 62.12, 23.37, 83.31, 36.22, 78.54, 61.07, 74.43, 39.2, 22.83, 55.21, 44.9, 67.47, 9.65, 72.74, 61.98, 21.38, 19.06, 14.5, 32.24, 36.1, 17.41], [39.65, 83.96, 62.71, 91.82, 37.14, 43.53, 65.63, 67.58, 58.31, 74.01, 40.0, 52.59, 48.33, 65.18, 39.41, 53.29, 84.91, 51.51, 31.39, 42.54, 71.54, 43.97, 20.23, 17.6, 47.54, 0.0, 36.25, 81.76, 97.84, 96.53, 62.88, 38.23, 94.47, 58.86, 65.99, 60.66, 80.36, 58.81, 50.45, 37.83, 70.72, 100.92, 9.82, 71.59, 73.67, 79.24, 86.25, 34.38, 102.65, 89.28, 15.78, 92.14, 31.26, 41.52, 51.58, 41.85, 36.88, 50.7, 101.91, 76.87, 41.76, 82.13, 26.69, 97.57, 93.78, 41.14, 61.91, 53.24, 30.61, 55.87, 74.64, 45.86, 60.65, 85.12, 54.18, 62.1, 33.38, 53.64, 27.73, 32.25], [15.59, 96.68, 71.15, 101.02, 8.71, 42.54, 47.92, 68.11, 70.13, 83.54, 8.47, 18.89, 26.39, 85.46, 10.36, 85.31, 86.29, 34.28, 53.46, 65.47, 93.53, 77.02, 47.32, 52.81, 72.0, 36.25, 0.0, 86.48, 103.67, 96.1, 42.82, 27.58, 77.41, 80.59, 42.06, 58.76, 61.71, 30.35, 28.88, 67.75, 71.59, 108.69, 40.93, 84.4, 92.31, 82.2, 82.32, 3.24, 90.33, 94.66, 51.37, 78.1, 19.1, 66.59, 86.28, 74.91, 5.96, 79.88, 83.05, 69.13, 54.53, 60.95, 62.54, 88.6, 96.38, 5.55, 65.23, 65.68, 18.56, 53.5, 61.71, 74.39, 36.87, 81.72, 67.64, 90.08, 58.2, 60.02, 63.58, 62.12], [72.06, 20.82, 19.36, 16.93, 78.27, 44.12, 51.81, 18.9, 25.28, 12.32, 80.18, 82.86, 64.81, 37.53, 77.65, 70.96, 7.98, 56.68, 53.15, 48.04, 42.86, 72.72, 64.13, 77.82, 49.16, 81.76, 86.48, 0.0, 17.2, 17.84, 56.77, 58.92, 51.9, 41.35, 63.55, 28.37, 52.57, 72.6, 63.33, 62.63, 15.67, 22.55, 73.14, 19.67, 33.92, 5.31, 20.08, 88.27, 44.39, 8.18, 79.22, 44.15, 67.81, 51.9, 83.06, 72.33, 92.16, 60.74, 59.18, 29.27, 40.16, 58.46, 82.41, 34.68, 12.35, 85.62, 21.39, 29.8, 68.5, 33.29, 40.54, 58.7, 63.86, 18.76, 29.82, 58.94, 54.75, 28.44, 82.6, 63.26], [89.18, 21.57, 35.17, 10.38, 95.43, 61.31, 67.2, 35.83, 39.87, 24.29, 97.31, 99.61, 81.63, 45.38, 94.78, 80.27, 19.23, 73.38, 68.08, 61.12, 47.88, 83.73, 79.4, 92.41, 60.78, 97.84, 103.67, 17.2, 0.0, 17.62, 72.48, 76.1, 61.39, 50.84, 78.98, 45.33, 65.55, 88.83, 80.05, 75.01, 32.45, 6.96, 88.88, 29.17, 38.81, 21.67, 29.96, 105.47, 49.73, 9.02, 93.98, 53.5, 85.0, 64.61, 93.02, 83.7, 109.35, 70.69, 67.45, 42.85, 56.09, 71.37, 95.96, 40.31, 10.48, 102.75, 38.56, 44.83, 85.69, 50.37, 54.46, 69.77, 79.83, 29.27, 44.29, 66.31, 68.87, 45.23, 96.03, 76.57], [80.84, 34.87, 36.04, 25.79, 87.51, 55.57, 54.55, 29.29, 42.53, 30.04, 88.92, 89.22, 71.87, 55.02, 86.45, 88.78, 11.83, 63.38, 69.59, 65.51, 59.65, 90.51, 80.11, 94.27, 66.93, 96.53, 96.1, 17.84, 17.62, 0.0, 60.21, 68.87, 44.32, 59.13, 66.09, 37.82, 50.29, 77.19, 69.93, 80.21, 25.96, 24.41, 88.49, 37.17, 50.5, 17.94, 15.07, 98.31, 32.12, 15.72, 95.53, 36.52, 78.46, 69.45, 100.89, 90.07, 101.99, 78.58, 50.01, 29.32, 55.85, 55.92, 99.46, 22.73, 8.1, 94.33, 34.62, 46.66, 79.23, 43.17, 40.47, 76.5, 67.84, 15.08, 47.02, 76.49, 71.72, 43.04, 99.71, 80.54], [27.98, 73.75, 49.65, 73.57, 34.53, 28.18, 5.81, 38.63, 52.97, 59.67, 34.4, 30.27, 16.72, 73.94, 32.51, 91.01, 53.3, 11.39, 56.15, 63.45, 82.51, 86.23, 58.92, 72.06, 69.58, 62.88, 42.82, 56.77, 72.48, 60.21, 0.0, 24.73, 34.64, 72.13, 7.12, 30.35, 19.0, 17.12, 14.16, 74.04, 41.37, 78.82, 60.35, 64.08, 77.22, 51.55, 45.2, 45.82, 47.92, 64.23, 71.89, 35.52, 32.43, 66.79, 97.77, 84.56, 48.56, 81.92, 40.73, 30.92, 46.21, 19.41, 81.44, 47.53, 63.09, 39.06, 40.06, 51.05, 33.23, 27.61, 20.66, 76.8, 7.68, 45.14, 53.38, 88.17, 61.54, 40.97, 82.25, 70.14], [13.73, 70.11, 44.31, 73.73, 19.4, 15.34, 27.47, 40.55, 44.28, 56.57, 21.58, 27.88, 12.95, 62.16, 19.05, 71.06, 58.78, 13.34, 35.74, 45.77, 70.68, 64.88, 35.67, 47.83, 52.43, 38.23, 27.58, 58.92, 76.1, 68.87, 24.73, 0.0, 56.91, 58.41, 28.62, 31.25, 42.29, 25.35, 14.09, 53.27, 44.03, 81.21, 35.81, 58.19, 67.87, 54.62, 55.58, 29.54, 67.0, 67.1, 47.49, 55.55, 9.86, 48.22, 75.98, 63.0, 33.34, 63.19, 64.03, 43.24, 30.81, 43.89, 57.48, 63.63, 68.85, 26.93, 37.75, 40.38, 10.69, 25.96, 38.08, 57.71, 23.68, 54.85, 42.56, 71.48, 41.26, 33.23, 58.34, 48.57], [62.58, 72.68, 57.2, 67.24, 69.17, 52.68, 30.0, 42.36, 63.42, 61.16, 68.97, 63.2, 51.32, 83.68, 67.13, 110.28, 44.7, 44.68, 79.38, 82.29, 91.09, 108.08, 85.79, 100.26, 86.91, 94.47, 77.41, 51.9, 61.39, 44.32, 34.64, 56.91, 0.0, 84.67, 36.21, 41.13, 15.72, 49.21, 48.77, 95.85, 42.48, 68.34, 89.99, 68.09, 83.24, 47.23, 32.23, 80.45, 16.85, 56.12, 100.6, 7.91, 65.94, 86.32, 119.74, 106.83, 83.1, 100.06, 8.36, 25.36, 65.91, 18.0, 108.59, 22.56, 50.94, 73.45, 48.2, 64.35, 66.78, 43.27, 20.55, 95.93, 40.85, 33.35, 66.18, 102.83, 83.93, 54.7, 109.23, 93.47], [71.28, 30.65, 27.61, 41.47, 74.92, 45.45, 69.85, 42.36, 21.28, 29.09, 77.87, 86.25, 70.18, 6.7, 75.62, 29.75, 48.65, 65.21, 28.38, 16.38, 13.08, 33.02, 38.68, 47.33, 11.95, 58.86, 80.59, 41.35, 50.84, 59.13, 72.13, 58.41, 84.67, 0.0, 79.01, 45.01, 78.49, 81.96, 70.19, 25.97, 42.75, 50.75, 49.05, 22.2, 15.58, 42.88, 58.08, 80.9, 82.47, 45.13, 49.34, 78.13, 62.64, 17.67, 42.27, 33.17, 84.79, 19.87, 92.93, 59.35, 27.64, 83.59, 47.94, 73.45, 52.51, 82.44, 36.58, 21.39, 62.91, 45.41, 66.51, 19.33, 76.36, 56.55, 19.18, 18.32, 25.48, 31.78, 47.76, 29.35], [28.51, 80.8, 56.77, 80.41, 34.41, 34.5, 11.79, 45.61, 60.04, 66.74, 33.62, 27.01, 17.88, 80.94, 32.14, 97.11, 59.76, 15.8, 61.98, 69.83, 89.53, 91.97, 63.88, 76.44, 76.08, 65.99, 42.06, 63.55, 78.98, 66.09, 7.12, 28.62, 36.21, 79.01, 0.0, 37.46, 20.68, 13.03, 15.58, 79.89, 48.26, 85.42, 64.39, 71.2, 84.32, 58.29, 51.02, 45.22, 50.98, 70.88, 76.1, 38.54, 34.84, 73.05, 103.4, 90.23, 47.49, 88.22, 41.15, 36.8, 52.73, 18.96, 86.04, 51.8, 69.39, 37.65, 47.17, 58.02, 35.56, 34.72, 25.8, 83.02, 5.48, 51.09, 60.35, 94.8, 67.44, 48.01, 86.89, 75.75], [43.93, 43.5, 19.62, 44.42, 50.34, 17.91, 26.49, 9.51, 24.13, 29.38, 52.07, 54.53, 36.45, 45.43, 49.55, 69.19, 27.53, 28.44, 39.18, 41.17, 53.7, 67.04, 47.33, 62.1, 45.91, 60.66, 58.76, 28.37, 45.33, 37.82, 30.35, 31.25, 41.13, 45.01, 37.46, 0.0, 33.48, 44.87, 35.05, 54.89, 12.91, 50.92, 53.81, 33.81, 47.52, 23.67, 25.73, 60.79, 43.86, 36.44, 62.87, 35.83, 40.7, 45.2, 78.67, 65.85, 64.57, 59.05, 49.49, 17.48, 25.12, 38.65, 69.38, 37.38, 37.63, 57.52, 9.77, 23.82, 41.46, 5.35, 21.66, 54.82, 36.68, 24.71, 25.89, 62.65, 43.29, 13.69, 69.9, 52.89], [46.98, 72.34, 52.28, 69.25, 53.51, 40.59, 14.85, 38.11, 57.51, 59.22, 53.25, 47.67, 35.72, 78.71, 51.45, 101.56, 46.84, 29.51, 68.57, 73.36, 86.79, 98.23, 73.59, 87.63, 78.71, 80.36, 61.71, 52.57, 65.55, 50.29, 19.0, 42.29, 15.72, 78.49, 20.68, 33.48, 0.0, 33.7, 33.17, 85.88, 39.52, 72.4, 76.68, 65.25, 79.92, 47.35, 35.74, 64.75, 30.48, 58.61, 87.75, 18.15, 50.89, 77.17, 109.93, 96.78, 67.38, 91.71, 21.87, 23.31, 56.19, 5.89, 96.46, 32.52, 55.25, 57.72, 42.43, 57.24, 51.71, 33.81, 12.5, 87.1, 25.14, 36.3, 59.36, 96.03, 73.55, 46.94, 97.18, 82.82], [19.26, 88.15, 62.94, 89.13, 23.72, 36.54, 22.92, 53.93, 64.97, 74.03, 22.19, 14.0, 12.41, 84.86, 21.27, 96.41, 69.79, 17.16, 61.05, 70.6, 93.5, 90.17, 60.57, 71.51, 77.18, 58.81, 30.35, 72.6, 88.83, 77.19, 17.12, 25.35, 49.21, 81.96, 13.03, 44.87, 33.7, 0.0, 11.83, 78.62, 56.96, 94.97, 59.02, 77.51, 89.38, 67.5, 62.23, 33.58, 63.95, 80.34, 70.82, 51.5, 27.96, 73.3, 101.16, 88.27, 35.39, 88.38, 53.85, 47.96, 54.52, 31.69, 81.42, 64.37, 79.73, 25.47, 54.08, 62.06, 28.48, 40.96, 37.73, 82.94, 9.44, 62.11, 64.39, 96.23, 66.57, 52.91, 82.36, 73.88], [13.81, 77.64, 52.08, 79.44, 20.44, 24.83, 19.04, 44.44, 53.64, 63.59, 20.58, 19.56, 2.55, 73.21, 18.52, 84.86, 61.41, 6.67, 49.47, 58.81, 81.85, 78.89, 49.74, 61.55, 65.37, 50.45, 28.88, 63.33, 80.05, 69.93, 14.16, 14.09, 48.77, 70.19, 15.58, 35.05, 33.17, 11.83, 0.0, 67.17, 47.69, 85.87, 49.28, 66.58, 77.98, 58.43, 55.39, 31.81, 61.46, 71.3, 61.07, 49.22, 19.26, 61.56, 90.04, 77.04, 34.73, 76.67, 54.87, 41.5, 42.71, 33.23, 71.31, 60.11, 71.53, 25.57, 43.71, 50.53, 19.98, 30.59, 33.05, 71.26, 10.2, 55.02, 52.84, 84.41, 55.0, 41.69, 72.2, 62.58], [63.13, 56.13, 44.55, 66.4, 64.5, 46.08, 73.77, 56.65, 37.77, 51.34, 67.69, 78.59, 66.22, 32.63, 65.96, 17.96, 68.69, 64.26, 17.91, 14.79, 36.59, 12.35, 20.45, 22.82, 14.42, 37.83, 67.75, 62.63, 75.01, 80.21, 74.04, 53.27, 95.85, 25.97, 79.89, 54.89, 85.88, 78.62, 67.17, 0.0, 58.46, 75.84, 28.84, 45.85, 41.47, 62.51, 75.35, 67.09, 97.82, 68.11, 25.0, 90.71, 53.28, 10.75, 24.06, 10.98, 70.55, 12.88, 104.18, 72.03, 29.96, 89.88, 21.98, 89.96, 74.76, 71.1, 49.92, 34.23, 53.19, 52.67, 75.65, 8.28, 75.81, 73.88, 33.41, 24.3, 12.51, 41.86, 21.79, 5.74], [56.84, 33.14, 15.18, 32.24, 63.21, 29.91, 36.64, 3.48, 21.95, 19.7, 64.97, 67.24, 49.21, 41.25, 62.45, 70.29, 14.89, 41.03, 45.31, 43.78, 48.62, 69.92, 55.13, 69.64, 46.98, 70.72, 71.59, 15.67, 32.45, 25.96, 41.37, 44.03, 42.48, 42.75, 48.26, 12.91, 39.52, 56.96, 47.69, 58.46, 0.0, 38.18, 62.96, 25.96, 40.97, 10.78, 16.97, 73.55, 40.04, 23.62, 70.72, 35.55, 53.29, 47.93, 81.15, 69.09, 77.37, 59.86, 50.57, 17.3, 31.05, 45.27, 75.76, 31.6, 24.85, 70.43, 9.1, 24.35, 54.03, 18.09, 27.03, 56.54, 48.3, 15.55, 25.6, 61.06, 48.31, 17.82, 76.13, 57.67], [94.5, 20.22, 38.79, 9.46, 100.6, 66.18, 73.63, 41.45, 42.62, 26.93, 102.59, 105.41, 87.36, 44.79, 100.06, 79.54, 25.81, 79.21, 70.48, 62.53, 46.04, 83.76, 81.94, 94.38, 61.45, 100.92, 108.69, 22.55, 6.96, 24.41, 78.82, 81.21, 68.34, 50.75, 85.42, 50.92, 72.4, 94.97, 85.87, 75.84, 38.18, 0.0, 91.72, 30.3, 37.32, 27.48, 36.88, 110.37, 56.47, 14.63, 96.06, 60.46, 89.85, 65.76, 92.46, 83.9, 114.29, 70.38, 74.35, 49.56, 59.35, 78.24, 97.26, 47.14, 17.44, 108.02, 43.46, 47.68, 90.51, 55.79, 61.17, 70.01, 86.07, 36.16, 46.83, 64.93, 70.74, 49.41, 97.25, 77.89], [40.62, 74.4, 53.9, 82.53, 39.75, 37.69, 62.3, 59.97, 49.13, 64.86, 42.87, 55.05, 47.5, 55.36, 41.73, 45.28, 76.75, 49.06, 21.7, 32.73, 61.76, 36.44, 10.42, 12.57, 37.79, 9.82, 40.93, 73.14, 88.88, 88.49, 60.35, 35.81, 89.99, 49.05, 64.39, 53.81, 76.68, 59.02, 49.28, 28.84, 62.96, 91.72, 0.0, 62.12, 63.86, 70.92, 79.02, 39.69, 96.85, 80.47, 11.81, 86.95, 31.1, 31.77, 45.36, 34.3, 42.79, 41.68, 97.75, 70.66, 32.98, 79.08, 22.57, 91.12, 85.3, 45.13, 53.97, 44.1, 30.65, 49.37, 69.7, 36.64, 59.31, 77.81, 44.89, 52.91, 23.57, 45.45, 23.54, 23.13], [71.92, 12.59, 14.58, 20.86, 77.13, 42.97, 60.28, 27.15, 14.34, 7.49, 79.62, 85.16, 67.38, 17.88, 77.13, 51.95, 27.41, 60.42, 40.57, 32.24, 23.56, 54.71, 52.08, 64.12, 31.61, 71.59, 84.4, 19.67, 29.17, 37.17, 64.08, 58.19, 68.09, 22.2, 71.2, 33.81, 65.25, 77.51, 66.58, 45.85, 25.96, 30.3, 62.12, 0.0, 15.17, 22.26, 38.29, 85.55, 63.03, 22.94, 65.83, 60.8, 65.32, 35.55, 64.42, 54.6, 89.54, 41.99, 75.96, 43.21, 31.09, 70.91, 67.02, 53.54, 30.33, 84.82, 24.05, 19.16, 65.84, 36.73, 52.75, 40.69, 70.01, 36.81, 17.68, 39.33, 40.49, 25.1, 67.04, 47.63], [81.38, 17.31, 27.92, 28.65, 85.84, 53.37, 73.9, 41.87, 24.45, 22.41, 88.59, 95.6, 78.43, 8.88, 86.2, 42.36, 41.88, 72.24, 42.51, 31.24, 9.21, 47.42, 53.44, 62.85, 27.52, 73.67, 92.31, 33.92, 38.81, 50.5, 77.22, 67.87, 83.24, 15.58, 84.32, 47.52, 79.92, 89.38, 77.98, 41.47, 40.97, 37.32, 63.86, 15.17, 0.0, 37.17, 53.27, 92.99, 77.97, 35.1, 64.84, 75.97, 73.63, 33.1, 55.36, 47.87, 96.96, 33.73, 91.13, 58.26, 37.81, 85.48, 63.46, 68.39, 42.93, 93.51, 37.87, 27.57, 74.02, 49.61, 67.46, 34.4, 82.57, 51.81, 25.33, 27.64, 40.43, 36.56, 63.25, 44.93], [67.56, 25.51, 18.13, 22.24, 73.88, 40.13, 46.54, 14.17, 24.75, 14.8, 75.7, 77.99, 59.98, 39.75, 73.17, 72.07, 6.18, 51.77, 51.68, 47.76, 45.81, 73.14, 62.31, 76.37, 49.6, 79.24, 82.2, 5.31, 21.67, 17.94, 51.55, 54.62, 47.23, 42.88, 58.29, 23.67, 47.35, 67.5, 58.43, 62.51, 10.78, 27.48, 70.92, 22.26, 37.17, 0.0, 16.11, 84.09, 40.81, 12.87, 77.66, 39.59, 63.73, 51.76, 83.82, 72.59, 87.94, 61.72, 54.71, 24.06, 38.09, 53.23, 81.53, 31.28, 14.71, 81.15, 17.74, 28.74, 64.44, 28.76, 35.26, 59.24, 58.69, 14.66, 29.18, 60.88, 53.79, 25.61, 81.79, 62.66], [66.87, 40.87, 31.3, 35.02, 73.65, 43.55, 39.51, 19.33, 38.24, 30.88, 74.85, 74.49, 57.43, 55.5, 72.44, 86.58, 12.52, 48.93, 62.17, 60.63, 61.85, 86.67, 71.68, 86.32, 63.49, 86.25, 82.32, 20.08, 29.96, 15.07, 45.2, 55.58, 32.23, 58.08, 51.02, 25.73, 35.74, 62.23, 55.39, 75.35, 16.97, 36.88, 79.02, 38.29, 53.27, 16.11, 0.0, 84.68, 24.74, 23.93, 87.31, 24.36, 65.37, 64.76, 97.78, 85.9, 88.26, 76.15, 39.21, 14.28, 47.84, 41.51, 92.66, 15.38, 19.55, 80.22, 25.92, 41.15, 66.17, 30.86, 25.44, 73.11, 52.85, 1.53, 42.22, 76.31, 65.27, 34.6, 93.05, 74.64], [18.29, 97.91, 72.54, 102.56, 11.42, 44.2, 50.85, 70.07, 71.23, 84.95, 11.6, 22.02, 29.29, 85.95, 13.32, 84.48, 88.32, 37.01, 53.39, 65.52, 93.91, 76.0, 46.65, 51.28, 71.97, 34.38, 3.24, 88.27, 105.47, 98.31, 45.82, 29.54, 80.45, 80.9, 45.22, 60.79, 64.75, 33.58, 31.81, 67.09, 73.55, 110.37, 39.69, 85.55, 92.99, 84.09, 84.68, 0.0, 93.19, 96.45, 49.76, 81.01, 20.53, 66.44, 84.98, 73.87, 4.0, 79.4, 86.16, 71.65, 55.31, 64.09, 60.89, 91.29, 98.38, 8.64, 66.95, 66.68, 19.9, 55.49, 64.49, 73.95, 40.0, 84.05, 68.57, 89.79, 57.96, 61.44, 61.93, 61.41], [74.95, 64.79, 55.15, 57.32, 81.77, 59.25, 42.48, 41.3, 61.98, 55.61, 82.04, 77.8, 63.94, 80.17, 79.97, 110.32, 36.45, 56.31, 82.95, 83.4, 86.59, 109.6, 91.07, 105.84, 86.96, 102.65, 90.33, 44.39, 49.73, 32.12, 47.92, 67.0, 16.85, 82.47, 50.98, 43.86, 30.48, 63.95, 61.46, 97.82, 40.04, 56.47, 96.85, 63.03, 77.97, 40.81, 24.74, 93.19, 0.0, 46.41, 106.5, 12.46, 76.63, 87.54, 120.99, 108.64, 96.19, 99.9, 19.28, 26.41, 68.7, 34.16, 113.24, 9.78, 39.81, 86.89, 47.97, 64.19, 77.48, 47.66, 29.0, 96.46, 54.97, 26.23, 65.59, 100.76, 86.8, 56.0, 113.75, 96.37], [80.22, 19.15, 26.59, 11.13, 86.44, 52.29, 59.09, 26.94, 31.79, 16.78, 88.34, 90.85, 72.83, 40.36, 85.81, 74.87, 11.78, 64.64, 60.0, 53.84, 44.3, 77.52, 71.19, 84.53, 54.17, 89.28, 94.66, 8.18, 9.02, 15.72, 64.23, 67.1, 56.12, 45.13, 70.88, 36.44, 58.61, 80.34, 71.3, 68.11, 23.62, 14.63, 80.47, 22.94, 35.1, 12.87, 23.93, 96.45, 46.41, 0.0, 86.02, 48.23, 75.98, 57.52, 87.35, 77.31, 100.33, 64.93, 62.84, 35.46, 47.55, 64.48, 88.57, 36.66, 7.85, 93.78, 29.54, 36.61, 76.67, 41.43, 47.01, 63.47, 71.46, 22.93, 36.3, 61.77, 61.15, 36.33, 88.7, 69.25], [52.31, 77.51, 59.88, 86.66, 51.06, 47.95, 73.58, 68.0, 54.24, 69.7, 54.11, 66.47, 59.3, 56.0, 53.13, 38.4, 83.7, 60.66, 26.08, 34.07, 61.1, 28.8, 15.63, 2.21, 37.42, 15.78, 51.37, 79.22, 93.98, 95.53, 71.89, 47.49, 100.6, 49.34, 76.1, 62.87, 87.75, 70.82, 61.07, 25.0, 70.72, 96.06, 11.81, 65.83, 64.84, 77.66, 87.31, 49.76, 106.5, 86.02, 0.0, 97.13, 42.88, 31.75, 35.82, 26.73, 52.47, 37.41, 108.5, 80.12, 39.76, 90.39, 11.18, 100.22, 91.56, 55.94, 61.62, 49.47, 42.42, 58.85, 80.14, 33.28, 71.06, 86.01, 49.74, 48.96, 25.35, 52.91, 12.21, 20.22], [62.82, 64.96, 50.54, 59.35, 69.6, 49.29, 30.18, 35.8, 56.98, 53.74, 69.76, 65.34, 51.72, 76.8, 67.74, 104.5, 36.86, 44.3, 74.8, 76.78, 84.01, 102.81, 81.98, 96.64, 81.06, 92.14, 78.1, 44.15, 53.5, 36.52, 35.52, 55.55, 7.91, 78.13, 38.54, 35.83, 18.15, 51.5, 49.22, 90.71, 35.55, 60.46, 86.95, 60.8, 75.97, 39.59, 24.36, 81.01, 12.46, 48.23, 97.13, 0.0, 65.01, 80.87, 114.4, 101.67, 83.93, 94.19, 15.17, 18.96, 60.93, 22.32, 104.57, 15.42, 43.05, 74.55, 41.97, 58.3, 65.86, 38.71, 17.56, 90.28, 42.52, 25.52, 60.01, 96.39, 79.09, 49.06, 105.16, 88.68], [9.92, 77.58, 52.07, 82.03, 12.29, 23.69, 36.07, 49.81, 51.08, 64.47, 15.25, 25.31, 17.08, 67.13, 13.09, 71.23, 68.14, 21.38, 37.01, 48.39, 75.4, 64.02, 33.78, 43.64, 55.07, 31.26, 19.1, 67.81, 85.0, 78.46, 32.43, 9.86, 65.94, 62.64, 34.84, 40.7, 50.89, 27.96, 19.26, 53.28, 53.29, 89.85, 31.1, 65.32, 73.63, 63.73, 65.37, 20.53, 76.63, 75.98, 42.88, 65.01, 0.0, 50.13, 74.48, 62.01, 24.48, 64.44, 72.75, 53.1, 35.83, 51.84, 53.6, 73.46, 78.14, 19.9, 46.46, 46.7, 0.85, 35.35, 47.65, 58.88, 29.45, 64.61, 48.71, 73.79, 42.25, 40.95, 54.55, 48.03], [59.61, 46.41, 33.82, 56.3, 62.07, 38.62, 65.89, 46.27, 27.02, 40.74, 65.2, 75.06, 60.96, 24.28, 63.19, 24.43, 57.93, 57.82, 13.19, 4.15, 30.03, 22.07, 21.59, 29.78, 6.02, 41.52, 66.59, 51.9, 64.61, 69.45, 66.79, 48.22, 86.32, 17.67, 73.05, 45.2, 77.17, 73.3, 61.56, 10.75, 47.93, 65.76, 31.77, 35.55, 33.1, 51.76, 64.76, 66.44, 87.54, 57.52, 31.75, 80.87, 50.13, 0.0, 33.55, 21.16, 70.18, 15.18, 94.67, 62.04, 21.02, 81.5, 31.5, 79.5, 64.06, 69.22, 39.57, 23.61, 50.21, 43.51, 66.42, 10.03, 69.42, 63.28, 22.69, 23.66, 8.61, 31.82, 31.5, 12.19], [84.39, 72.25, 66.51, 83.4, 84.62, 70.0, 97.71, 79.69, 59.56, 71.01, 87.8, 99.53, 88.86, 47.73, 86.4, 13.03, 89.87, 87.65, 41.68, 37.66, 47.49, 11.71, 40.74, 34.0, 34.32, 51.58, 86.28, 83.06, 93.02, 100.89, 97.77, 75.98, 119.74, 42.27, 103.4, 78.67, 109.93, 101.16, 90.04, 24.06, 81.15, 92.46, 45.36, 64.42, 55.36, 83.82, 97.78, 84.98, 120.99, 87.35, 35.82, 114.4, 74.48, 33.55, 0.0, 13.22, 87.94, 22.42, 128.08, 95.59, 53.94, 113.91, 25.55, 112.75, 94.62, 90.41, 73.03, 56.83, 74.24, 76.66, 99.64, 24.67, 99.1, 96.27, 55.58, 28.66, 36.46, 65.36, 24.56, 27.65], [71.92, 63.82, 54.84, 74.58, 72.59, 56.78, 84.49, 67.4, 47.96, 60.65, 75.79, 87.22, 75.92, 39.42, 74.25, 11.72, 78.73, 74.5, 28.46, 25.3, 41.35, 2.14, 28.26, 24.61, 23.19, 41.85, 74.91, 72.33, 83.7, 90.07, 84.56, 63.0, 106.83, 33.17, 90.23, 65.85, 96.78, 88.27, 77.04, 10.98, 69.09, 83.9, 34.3, 54.6, 47.87, 72.59, 85.9, 73.87, 108.64, 77.31, 26.73, 101.67, 62.01, 21.16, 13.22, 0.0, 77.07, 14.45, 115.16, 82.96, 40.94, 100.72, 19.08, 100.65, 84.26, 78.73, 60.69, 44.76, 61.82, 63.65, 86.63, 13.93, 85.98, 84.42, 43.74, 24.82, 23.26, 52.75, 18.39, 14.49], [21.55, 101.91, 76.52, 106.51, 14.67, 48.12, 53.75, 73.89, 75.23, 88.92, 14.18, 22.87, 32.25, 89.88, 16.25, 87.81, 92.1, 40.22, 57.17, 69.33, 97.81, 79.2, 50.13, 54.09, 75.75, 36.88, 5.96, 92.16, 109.35, 101.99, 48.56, 33.34, 83.1, 84.79, 47.49, 64.57, 67.38, 35.39, 34.73, 70.55, 77.37, 114.29, 42.79, 89.54, 96.96, 87.94, 88.26, 4.0, 96.19, 100.33, 52.47, 83.93, 24.48, 70.18, 87.94, 77.07, 0.0, 82.95, 88.59, 75.09, 59.3, 66.43, 63.54, 94.54, 102.19, 9.92, 70.86, 70.67, 23.87, 59.29, 67.63, 77.53, 42.4, 87.66, 72.56, 93.45, 61.66, 65.41, 64.58, 64.85], [74.11, 50.18, 44.88, 61.2, 76.08, 53.76, 80.87, 58.75, 37.96, 48.63, 79.25, 89.61, 76.01, 25.6, 77.37, 10.44, 67.7, 73.01, 27.58, 18.53, 26.9, 13.75, 32.87, 35.2, 13.15, 50.7, 79.88, 60.74, 70.69, 78.58, 81.92, 63.19, 100.06, 19.87, 88.22, 59.05, 91.71, 88.38, 76.67, 12.88, 59.86, 70.38, 41.68, 41.99, 33.73, 61.72, 76.15, 79.4, 99.9, 64.93, 37.41, 94.19, 64.44, 15.18, 22.42, 14.45, 82.95, 0.0, 108.42, 75.24, 35.89, 96.23, 32.32, 91.32, 72.21, 82.95, 52.28, 35.91, 64.44, 57.91, 80.58, 5.56, 84.6, 74.63, 34.34, 11.55, 22.2, 45.39, 31.83, 18.55], [68.66, 80.0, 65.4, 73.97, 75.05, 60.67, 36.69, 50.58, 71.69, 68.92, 74.59, 67.77, 57.42, 91.81, 72.91, 118.64, 51.73, 51.37, 87.63, 90.65, 99.11, 116.42, 93.83, 108.22, 95.27, 101.91, 83.05, 59.18, 67.45, 50.01, 40.73, 64.03, 8.36, 92.93, 41.15, 49.49, 21.87, 53.85, 54.87, 104.18, 50.57, 74.35, 97.75, 75.96, 91.13, 54.71, 39.21, 86.16, 19.28, 62.84, 108.5, 15.17, 72.75, 94.67, 128.08, 115.16, 88.59, 108.42, 0.0, 33.58, 74.23, 22.2, 116.67, 27.4, 57.13, 78.79, 56.5, 72.68, 73.57, 51.56, 28.71, 104.29, 46.19, 40.46, 74.5, 111.11, 92.22, 63.06, 117.32, 101.74], [53.56, 49.26, 31.84, 45.97, 60.42, 33.35, 25.24, 17.0, 38.12, 36.63, 61.39, 60.38, 43.65, 58.35, 59.04, 85.56, 23.78, 35.2, 56.65, 57.94, 65.87, 84.05, 64.67, 79.44, 62.12, 76.87, 69.13, 29.27, 42.85, 29.32, 30.92, 43.24, 25.36, 59.35, 36.8, 17.48, 23.31, 47.96, 41.5, 72.03, 17.3, 49.56, 70.66, 43.21, 58.26, 24.06, 14.28, 71.65, 26.41, 35.46, 80.12, 18.96, 53.1, 62.04, 95.59, 82.96, 75.09, 75.24, 33.58, 0.0, 42.51, 29.19, 86.85, 20.76, 32.86, 66.68, 23.02, 39.35, 53.93, 21.32, 11.61, 71.37, 38.57, 14.29, 41.06, 77.55, 60.67, 30.23, 87.38, 70.27], [43.92, 43.68, 20.96, 50.42, 48.07, 18.33, 44.98, 28.51, 16.97, 32.44, 50.89, 58.68, 42.59, 31.46, 48.54, 45.45, 44.04, 38.09, 14.38, 17.37, 39.91, 42.24, 24.26, 38.62, 23.37, 41.76, 54.53, 40.16, 56.09, 55.85, 46.21, 30.81, 65.91, 27.64, 52.73, 25.12, 56.19, 54.52, 42.71, 29.96, 31.05, 59.35, 32.98, 31.09, 37.81, 38.09, 47.84, 55.31, 68.7, 47.55, 39.76, 60.93, 35.83, 21.02, 53.94, 40.94, 59.3, 35.89, 74.23, 42.51, 0.0, 60.48, 44.88, 61.5, 52.34, 55.73, 21.96, 11.96, 36.21, 22.72, 45.71, 31.02, 49.52, 46.48, 13.5, 42.11, 18.17, 13.24, 45.31, 27.77], [46.87, 78.18, 57.74, 75.14, 53.1, 44.09, 16.81, 43.76, 62.76, 64.97, 52.49, 45.65, 35.74, 84.03, 50.9, 105.93, 52.72, 30.67, 72.34, 77.77, 92.19, 102.23, 76.67, 90.4, 83.31, 82.13, 60.95, 58.46, 71.37, 55.92, 19.41, 43.89, 18.0, 83.59, 18.96, 38.65, 5.89, 31.69, 33.23, 89.88, 45.27, 78.24, 79.08, 70.91, 85.48, 53.23, 41.51, 64.09, 34.16, 64.48, 90.39, 22.32, 51.84, 81.5, 113.91, 100.72, 66.43, 96.23, 22.2, 29.19, 60.48, 0.0, 99.48, 37.34, 61.04, 56.61, 47.83, 62.25, 52.64, 38.5, 18.24, 91.49, 24.09, 42.11, 64.42, 100.94, 77.46, 51.89, 100.23, 86.58], [63.18, 77.83, 63.42, 87.8, 62.16, 56.04, 82.69, 73.37, 57.13, 71.87, 65.24, 77.54, 69.67, 54.62, 64.2, 30.57, 87.69, 70.4, 30.51, 34.84, 58.29, 20.85, 22.88, 10.0, 36.22, 26.69, 62.54, 82.41, 95.96, 99.46, 81.44, 57.48, 108.59, 47.94, 86.04, 69.38, 96.46, 81.42, 71.31, 21.98, 75.76, 97.26, 22.57, 67.02, 63.46, 81.53, 92.66, 60.89, 113.24, 88.57, 11.18, 104.57, 53.6, 31.5, 25.55, 19.08, 63.54, 32.32, 116.67, 86.85, 44.88, 99.48, 0.0, 106.33, 94.73, 67.12, 66.73, 52.81, 53.18, 65.89, 88.04, 29.53, 81.15, 91.28, 52.59, 43.49, 27.75, 58.07, 1.05, 19.4], [73.03, 55.02, 46.45, 47.62, 79.91, 54.06, 41.78, 33.33, 53.36, 46.08, 80.55, 77.8, 62.46, 70.87, 78.33, 101.76, 26.72, 54.33, 75.86, 75.35, 77.09, 101.51, 84.64, 99.4, 78.54, 97.57, 88.6, 34.68, 40.31, 22.73, 47.53, 63.63, 22.56, 73.45, 51.8, 37.38, 32.52, 64.37, 60.11, 89.96, 31.6, 47.14, 91.12, 53.54, 68.39, 31.28, 15.38, 91.29, 9.78, 36.66, 100.22, 15.42, 73.46, 79.5, 112.75, 100.65, 94.54, 91.32, 27.4, 20.76, 61.5, 37.34, 106.33, 0.0, 30.21, 85.66, 40.07, 55.95, 74.3, 41.79, 27.09, 88.12, 55.03, 16.91, 57.18, 91.69, 79.37, 48.46, 106.79, 88.88], [81.49, 26.9, 31.68, 17.72, 87.95, 54.67, 57.65, 28.33, 37.61, 23.64, 89.62, 91.05, 73.27, 47.99, 87.11, 82.26, 10.15, 64.88, 65.48, 60.25, 52.13, 84.55, 76.41, 90.17, 61.07, 93.78, 96.38, 12.35, 10.48, 8.1, 63.09, 68.85, 50.94, 52.51, 69.39, 37.63, 55.25, 79.73, 71.53, 74.76, 24.85, 17.44, 85.3, 30.33, 42.93, 14.71, 19.55, 98.38, 39.81, 7.85, 91.56, 43.05, 78.14, 64.06, 94.62, 84.26, 102.19, 72.21, 57.13, 32.86, 52.34, 61.04, 94.73, 30.21, 0.0, 95.07, 32.44, 42.15, 78.87, 42.89, 44.43, 70.5, 70.57, 18.95, 42.16, 69.44, 67.09, 40.21, 94.91, 75.54], [13.59, 96.91, 71.17, 100.65, 7.7, 42.24, 44.41, 66.99, 70.69, 83.47, 5.45, 13.39, 23.2, 87.02, 7.98, 88.84, 84.92, 31.5, 56.03, 67.81, 95.26, 80.83, 50.79, 57.28, 74.43, 41.14, 5.55, 85.62, 102.75, 94.33, 39.06, 26.93, 73.45, 82.44, 37.65, 57.52, 57.72, 25.47, 25.57, 71.1, 70.43, 108.02, 45.13, 84.82, 93.51, 81.15, 80.22, 8.64, 86.89, 93.78, 55.94, 74.55, 19.9, 69.22, 90.41, 78.73, 9.92, 82.95, 78.79, 66.68, 55.73, 56.61, 67.12, 85.66, 95.07, 0.0, 64.62, 66.45, 19.57, 52.38, 58.62, 77.42, 32.65, 79.71, 68.51, 92.84, 61.0, 60.05, 68.15, 65.56], [51.15, 34.08, 9.96, 36.11, 57.16, 22.76, 36.26, 6.74, 15.31, 19.95, 59.21, 62.93, 44.85, 36.3, 56.67, 62.65, 23.07, 37.26, 36.25, 35.43, 44.37, 61.63, 46.03, 60.54, 39.2, 61.91, 65.23, 21.39, 38.56, 34.62, 40.06, 37.75, 48.2, 36.58, 47.17, 9.77, 